accuracy,Overall F1,Overall Precision,Overall Recall,Authentic F1,Authentic Precision,Authentic Recall,Synthetic F1,Synthetic Precision,Synthetic Recall,authentic_mislabeled,synthetic_mislabeled,top_10_features
0.9151670951156813,0.9150795557865375,0.9170441098461662,0.9151670951156813,0.91247,1,0.882051282051282,0.9177057356608479,0.8888888888888888,0.9484536082474226,"[1207355, 1136631, 1265160, 1149174, 1148984, 1139940, 1145399, 1141961, 1137315, 1139535, 1263249, 1143789, 1149503, 1142897, 1265161, 1136121, 1263417, 1140035, 1142132, 841130, 1263234, 1142204, 1265082]","[1235612, 1033602, 1033425, 1033595, 1033470, 1033435, 1033796, 1034007, 1033246, 1033396]","{'TTR': 0.08248055785729698, 'to': 0.047619756579936806, 'VBG': 0.04374364260608984, 'and': 0.038430999738130946, 'RB': 0.034653224257630524, 'as': 0.031186932850362076, 'VB': 0.029752026894944605, 'of': 0.028775205788085456, 'mean_sen_len': 0.027325342669650258, 'VBN': 0.025001032784184866}"
0.910025706940874,0.9099006806279382,0.912495951259312,0.910025706940874,0.90667,1,0.8717948717948718,0.913151364764268,0.8803827751196173,0.9484536082474226,"[1145543, 1146835, 1150481, 1138945, 1150083, 1207390, 1142869, 1147204, 1149831, 1136133, 1135750, 1137073, 1142931, 1150206, 1147760, 1263117, 1141332, 1140415, 1208400, 1142147, 1211690, 1264453, 1142986, 1145598, 1206296]","[1033413, 1033780, 1235612, 1033320, 1033246, 1033275, 1033396, 1033774, 1033920, 1033410]","{'TTR': 0.09432698129070038, 'RB': 0.051501185913674564, 'VBG': 0.0466606042725711, 'and': 0.03866298027185362, 'to': 0.034068787034947284, 'in': 0.03154618032244814, 'VBN': 0.02993631976057825, 'as': 0.029313741942156763, 'VB': 0.027211498520147794, 'mean_sen_len': 0.022127124476898213}"
0.9280205655526992,0.9279577263638961,0.9296669881227632,0.9280205655526992,0.92593,1,0.8974358974358975,0.93,0.9029126213592233,0.9587628865979382,"[1143825, 1142791, 1144983, 1145687, 1138413, 1137845, 1137570, 1141794, 1145872, 1207768, 1140522, 1208490, 1149541, 1142147, 1264304, 1263045, 1137731, 1264523, 1206586, 1206079]","[1178698, 1033533, 1033451, 1033935, 1033502, 1033400, 1033435, 1033949]","{'TTR': 0.08158411029533973, 'and': 0.04978968722491836, 'VBG': 0.042366034075947134, 'to': 0.041511941891769315, 'RB': 0.033880887170370196, 'with': 0.03210325730946586, 'of': 0.02891119541060153, 'VB': 0.027532660035742788, 'as': 0.027233032293394906, 'by': 0.026659896348639175}"
0.9125964010282777,0.9124575696644215,0.9154249167892516,0.9125964010282777,0.90909,1,0.8717948717948718,0.9158415841584159,0.8809523809523809,0.9536082474226805,"[1264910, 1145808, 1136846, 1141442, 1264722, 1263676, 1265144, 1141981, 1141031, 1263035, 1143601, 1137420, 1264474, 1145032, 1142631, 1147204, 1264257, 1142796, 1144942, 1147973, 1139667, 1145792, 1147256, 1207212, 1137805]","[1033470, 1033351, 1033602, 1033502, 1033617, 1033881, 1033935, 1033451, 1033337]","{'TTR': 0.07225521891961068, 'VBG': 0.048589021745623136, 'and': 0.04829240046279168, 'to': 0.04280133605360362, 'RB': 0.038723864506223296, 'VB': 0.038304944542138425, 'of': 0.0376791757819832, 'as': 0.029796492182985163, 'in': 0.026076461496807472, 'mean_sen_len': 0.024449589984882426}"
0.9280205655526992,0.9280148571276345,0.9282054586702025,0.9280205655526992,0.92746,1,0.9179487179487179,0.9285714285714286,0.9191919191919192,0.9381443298969072,"[1140525, 1150490, 1135750, 1139125, 1136859, 1147967, 1147225, 1149965, 1146586, 1146380, 1138925, 841194, 1145940, 1144463, 1146321, 1145608]","[1033701, 1033339, 1033512, 1033471, 1235611, 1033791, 1033796, 1033327, 1178716, 1033812, 1033351, 1178708]","{'TTR': 0.08336344138397883, 'VBG': 0.05164231988975793, 'RB': 0.044078601794875875, 'to': 0.04345742766524056, 'and': 0.04212987045720383, 'as': 0.031133438424787288, 'mean_sen_len': 0.029795026294148208, 'by': 0.02790389162090508, 'a': 0.027652521369217014, 'of': 0.026393327173718627}"
0.897172236503856,0.8969639012131241,0.9006262727073182,0.897172236503856,0.89247,1,0.8512820512820513,0.9014778325123153,0.8632075471698113,0.9432989690721649,"[1142821, 1262892, 1139535, 1206684, 1136356, 1207968, 1137884, 1149887, 1135658, 1137202, 841316, 1140684, 1206144, 1140071, 1141881, 1139651, 1147980, 1143825, 1264948, 1207670, 1145021, 1264217, 1143857, 1146380, 1141300, 1141191, 1139592, 1148003, 1264592]","[1033774, 1033396, 1033286, 1235621, 1033837, 1033502, 1033742, 1235682, 1235605, 1033780, 1033533]","{'TTR': 0.08639467201965319, 'VBG': 0.047207726454016, 'to': 0.04525756384198365, 'RB': 0.04303172809047166, 'and': 0.041509328581843, 'of': 0.03492326346768496, 'VB': 0.03357309667422534, 'VBN': 0.02935738564840914, 'in': 0.025001448830279042, 'mean_sen_len': 0.022904347823430492}"
0.9357326478149101,0.9357020558465561,0.9366750586300444,0.9357326478149101,0.93438,1,0.9128205128205128,0.9370277078085643,0.916256157635468,0.9587628865979382,"[1139074, 1135546, 1149168, 1147772, 1265296, 1140865, 1137342, 841271, 1264588, 1265184, 1144990, 1143688, 1147204, 1137615, 1207254, 1142710, 1142156]","[1033774, 1033812, 1235621, 1033935, 1033742, 1033471, 1235636, 1033824]","{'TTR': 0.08275514064905502, 'RB': 0.04996490422005282, 'VBG': 0.04770234169221228, 'to': 0.04204568060774278, 'and': 0.03825811891138527, 'VBN': 0.03097595820126134, 'of': 0.03063349003330299, 'VB': 0.027285238136715503, 'in': 0.026800345651502376, 'mean_sen_len': 0.02518220142299948}"
0.9280205655526992,0.9278001619291928,0.9335855871622697,0.9280205655526992,0.92391,1,0.8717948717948718,0.9317073170731708,0.8842592592592593,0.9845360824742269,"[1148613, 1150189, 1148060, 1144632, 1263716, 1263417, 1207254, 1140816, 1140633, 1143439, 1206696, 1135481, 1207330, 1141241, 1207382, 1139582, 1139940, 1141715, 1135670, 1147715, 1146698, 1207839, 1146390, 1146507, 1140208]","[1033246, 1033920, 1033701]","{'TTR': 0.09863886679588023, 'to': 0.04794459872817971, 'and': 0.04391926930368548, 'as': 0.04389587292717468, 'VBG': 0.04241372787913487, 'RB': 0.035215032773725695, 'VB': 0.030992931924151323, 'in': 0.02406341403278527, 'mean_sen_len': 0.022590667918616796, 'of': 0.022048338859195615}"
0.9357326478149101,0.9357020558465561,0.9366750586300444,0.9357326478149101,0.93438,1,0.9128205128205128,0.9370277078085643,0.916256157635468,0.9587628865979382,"[1206596, 1143688, 1146705, 1142679, 1138323, 1207255, 1265065, 1206831, 1148640, 1144187, 1148346, 1148401, 1148233, 1207784, 1145881, 1142029, 1135611]","[1033471, 1033774, 1033246, 1033796, 1033920, 1033791, 1033400, 1235650]","{'TTR': 0.08563653018967075, 'VBG': 0.052016989601019234, 'and': 0.04789465166623374, 'to': 0.04688088662531227, 'RB': 0.040526823821663095, 'VB': 0.036407060255837634, 'of': 0.033491655861973495, 'as': 0.02662037363681481, 'VBN': 0.025367333563162845, 'a': 0.02420766872373438}"
0.9048843187660668,0.9047861686091482,0.9067169805964933,0.9048843187660668,0.90186,1,0.8717948717948718,0.9077306733167082,0.8792270531400966,0.9381443298969072,"[1145096, 1143601, 1147403, 1145734, 1138476, 1141242, 1144796, 1206720, 1139002, 1146325, 1147419, 840910, 1206531, 1135520, 1149171, 1138627, 1136338, 1140225, 1138930, 1147437, 1144008, 1146279, 1142623, 1145915, 1143113]","[1034007, 1033337, 1033533, 1033435, 1178716, 1033451, 1033780, 1033949, 1033339, 1178698, 1033831, 1178727]","{'TTR': 0.0858264843988871, 'VBG': 0.06438917726186863, 'and': 0.0424938741828122, 'mean_sen_len': 0.03613490227318755, 'RB': 0.0338954199802475, 'of': 0.031239841415101607, 'to': 0.027893590410931736, 'by': 0.027767259116379037, 'VB': 0.026932658258469994, 'PRP': 0.0253774129585835}"
0.897172236503856,0.8969639012131241,0.9006262727073182,0.897172236503856,0.89247,1,0.8512820512820513,0.9014778325123153,0.8632075471698113,0.9432989690721649,"[1135553, 1150056, 1139976, 1149633, 1206916, 1142821, 1264985, 1149077, 1140136, 1148829, 1136846, 1206992, 1149590, 1149171, 1207530, 1136052, 1265012, 1142568, 1141266, 1139838, 1146366, 1144114, 1146282, 1144210, 1146068, 840949, 1263417, 1147760, 1145440]","[1033837, 1235612, 1033351, 1033279, 1033701, 1235636, 1033246, 1033774, 1033339, 1033533, 1178716]","{'TTR': 0.08061969497228813, 'VBG': 0.04527857456176976, 'as': 0.041599182116742024, 'to': 0.0387078727538515, 'RB': 0.0375771238385551, 'and': 0.03429723579487255, 'mean_sen_len': 0.02978449070290812, 'VBN': 0.028442557321474462, 'in': 0.02669550457357831, 'with': 0.026039745956943798}"
0.9280205655526992,0.9279577263638961,0.9296669881227632,0.9280205655526992,0.92593,1,0.8974358974358975,0.93,0.9029126213592233,0.9587628865979382,"[1149459, 1145576, 1140066, 1141982, 1150381, 1145645, 1136292, 1207661, 1141675, 1138036, 1264319, 1150219, 841316, 1262876, 1208505, 1138886, 1138521, 1148954, 1137443, 1139924]","[1033278, 1033934, 1033961, 1033807, 1033400, 1033471, 1033780, 1178698]","{'TTR': 0.08962489079094739, 'VBG': 0.049343378028386314, 'and': 0.04533977717073407, 'RB': 0.04461587575058931, 'to': 0.03906808716682278, 'of': 0.03513425627840266, 'VB': 0.03270805482015958, 'as': 0.023823554007305646, 'mean_sen_len': 0.0233358823065292, 'with': 0.022233429193524782}"
0.9408740359897172,0.9408458913788316,0.941826863569388,0.9408740359897172,0.93963,1,0.9179487179487179,0.9420654911838791,0.9211822660098522,0.9639175257731959,"[1263292, 1148000, 1139667, 1148687, 1206924, 1207935, 1149666, 1143853, 1137486, 1138107, 1145155, 1147088, 1149462, 1144423, 1139436, 1144793]","[1033626, 1033396, 1033595, 1033961, 1033351, 1033435, 1033246]","{'TTR': 0.07943485996263487, 'VBG': 0.05491058059709099, 'RB': 0.046247213688278554, 'and': 0.0432001731980794, 'to': 0.04158258636184957, 'VB': 0.033840807328545906, 'as': 0.03320881084288572, 'of': 0.029407425597484046, 'mean_sen_len': 0.02774626489644835, 'in': 0.02276854119347071}"
0.9177377892030848,0.9176888365518567,0.9188555711313915,0.9177377892030848,0.91579,1,0.8923076923076924,0.9195979899497487,0.8970588235294118,0.9432989690721649,"[1264247, 1150347, 1207703, 1141092, 1207174, 1144834, 1142553, 1147584, 1139851, 1136141, 1149545, 1206286, 1144444, 1141620, 1207491, 1146054, 1146207, 1141787, 1147424, 1135407, 1138892]","[1033774, 1033451, 1033286, 1033510, 1033413, 1033339, 1033961, 1033949, 1033602, 1033248, 1235605]","{'TTR': 0.0837407990839004, 'VBG': 0.06017088468124738, 'as': 0.03692475549753949, 'to': 0.03650153759797356, 'and': 0.03638972635104509, 'RB': 0.03499404538495694, 'VB': 0.03236200181283611, 'mean_sen_len': 0.02932550349463662, 'of': 0.02799038066215161, 'in': 0.0278110265005609}"
0.9203084832904884,0.9202262493752322,0.922207674471003,0.9203084832904884,0.91777,1,0.8871794871794871,0.9226932668329177,0.893719806763285,0.9536082474226805,"[841271, 841337, 1145891, 1147132, 1139032, 1148431, 1208003, 1262868, 1264722, 1139255, 1146016, 1148612, 1149627, 1150158, 1264021, 1143717, 1141787, 1145340, 1142227, 1142022, 1139191, 1140682]","[1235629, 1033435, 1033533, 1033796, 1033471, 1033935, 1033617, 1033451, 1235605]","{'TTR': 0.09143010842492569, 'and': 0.04602785016116437, 'VBG': 0.04579263338953383, 'RB': 0.040359929770676775, 'to': 0.036821378681015655, 'VBN': 0.03155984207492894, 'in': 0.026291954763924825, 'by': 0.024763254177876847, 'VB': 0.024680404664460212, 'of': 0.023894485677910374}"
0.922879177377892,0.922811849675603,0.924506779014004,0.922879177377892,0.92063,1,0.8923076923076924,0.925,0.8980582524271845,0.9536082474226805,"[1208367, 1147793, 1136859, 1139007, 1147239, 1207708, 1137085, 1137134, 1135464, 1139959, 1147892, 1145200, 1140093, 1147099, 1137998, 1145593, 1137831, 1139466, 1149420, 1206253, 1141317]","[1033470, 1033774, 1235612, 1033742, 1033796, 1033934, 1033246, 1033807, 1033413]","{'TTR': 0.08843195510361629, 'and': 0.051832803296361835, 'VBG': 0.04628985002093515, 'RB': 0.04150095234175216, 'to': 0.04049567742345731, 'of': 0.031775930445461, 'VB': 0.03080769045303986, 'with': 0.02964935221617187, 'as': 0.028414650610379136, 'in': 0.026102596800861085}"
0.922879177377892,0.922811849675603,0.924506779014004,0.922879177377892,0.92063,1,0.8923076923076924,0.925,0.8980582524271845,0.9536082474226805,"[1141654, 1140075, 1265018, 1140960, 1141191, 1146025, 1150394, 1148659, 1137845, 1146662, 1137578, 1207148, 1142701, 1264778, 1142850, 1143950, 1143403, 1145510, 1139255, 1149132, 1142573]","[1033437, 1033413, 1033410, 1033791, 1033339, 1235605, 1033920, 1033949, 1033837]","{'TTR': 0.07724694231077656, 'VBG': 0.06400404336781661, 'and': 0.05332497019391471, 'RB': 0.04139212564043162, 'to': 0.03989317745922513, 'as': 0.03217260520479267, 'of': 0.030916143741930274, 'mean_sen_len': 0.02864441267937728, 'by': 0.02822936006350231, 'VB': 0.027661195159321243}"
0.9280205655526992,0.927933896126761,0.9302622752554579,0.9280205655526992,0.92553,1,0.8923076923076924,0.9303482587064676,0.8990384615384616,0.9639175257731959,"[1139255, 1149747, 1143929, 1136647, 1264181, 1264722, 1138984, 1264719, 1141855, 1139057, 1143307, 1148158, 1138925, 1207628, 1206720, 1207355, 1141302, 1140129, 1140857, 1146336, 1143855]","[1033934, 1033471, 1033337, 1033413, 1033881, 1033435, 1033791]","{'TTR': 0.09521247125974171, 'VBG': 0.05145956021070708, 'and': 0.044654617480696455, 'to': 0.04201795163325803, 'RB': 0.03883444681504764, 'of': 0.038191748776048945, 'mean_sen_len': 0.028544178802105108, 'a': 0.0283854509506319, 'as': 0.026782028581031073, 'in': 0.02607876780423295}"
0.9331619537275064,0.9331036030521891,0.9348271972315224,0.9331619537275064,0.93122,1,0.9025641025641026,0.935,0.9077669902912622,0.9639175257731959,"[1143403, 1263825, 1138803, 1207577, 1144228, 1206070, 1208451, 1140914, 1143757, 1146437, 1135863, 1150038, 1144541, 1139097, 1145436, 1149236, 1145929, 1263045, 1141191]","[1033935, 1033689, 1033272, 1235650, 1033339, 1033780, 1033435]","{'TTR': 0.0813440147234547, 'VBG': 0.058089560534672124, 'and': 0.04969880185043762, 'to': 0.037431137821922304, 'RB': 0.03734711793017812, 'of': 0.03172975302554676, 'VB': 0.030294811704752588, 'as': 0.025305010406944047, 'with': 0.024417649884763293, 'VBN': 0.023276254215350168}"
0.9383033419023136,0.9382805021642692,0.9390524868304161,0.9383033419023136,0.93717,1,0.9179487179487179,0.9393939393939394,0.9207920792079208,0.9587628865979382,"[1140960, 1150456, 1148217, 1146562, 841376, 1143894, 1145847, 1140727, 1148701, 1139185, 1206896, 1138664, 1143463, 1144765, 1264757, 1147833]","[1033471, 1033470, 1033742, 1235629, 1178698, 1033435, 1033812, 1033920]","{'TTR': 0.084952430635833, 'VBG': 0.0631210916109219, 'and': 0.045176620902368014, 'RB': 0.04246156689969984, 'of': 0.03560940213806873, 'to': 0.03517167095280912, 'as': 0.03043305517124592, 'VB': 0.02835646623441394, 'VBN': 0.026830654895280106, 'with': 0.02393573260889976}"
0.9434447300771208,0.9434237936505799,0.9442020415560384,0.9434447300771208,0.94241,1,0.9230769230769231,0.9444444444444444,0.9257425742574258,0.9639175257731959,"[1142824, 1139404, 1140382, 1265267, 1207355, 1139563, 1139865, 1145528, 1206609, 1136443, 1147513, 1138257, 1147780, 1135772, 1138035]","[1033791, 1033774, 1235636, 1178708, 1033470, 1033831, 1033752]","{'TTR': 0.07393502720160552, 'and': 0.0497479259740689, 'VBG': 0.04777241545886224, 'to': 0.04168352930331678, 'VB': 0.032600294622789266, 'RB': 0.032341975485484196, 'as': 0.031792925191513055, 'of': 0.02873333833966009, 'with': 0.027379214145726576, 'mean_sen_len': 0.026230655690618696}"
0.922879177377892,0.9228638853366044,0.9232880401517933,0.922879177377892,0.92188,1,0.9076923076923077,0.9238578680203046,0.91,0.9381443298969072,"[1207478, 841118, 1149518, 1141942, 1264764, 1143940, 1206595, 1208343, 1149671, 1264319, 1140516, 1144516, 1265161, 1143497, 1206379, 1142573, 1150380, 1135885]","[1033934, 1178708, 1235612, 1033248, 1033812, 1235636, 1033413, 1033351, 1033464, 1033958, 1033860, 1033807]","{'TTR': 0.08259061721003157, 'to': 0.05275893096556117, 'VBG': 0.040569758077068536, 'and': 0.03948775126972706, 'RB': 0.037439555588211125, 'mean_sen_len': 0.031043398236732814, 'of': 0.02943218250176743, 'as': 0.027937279716231816, 'VBN': 0.025865207109766027, 'with': 0.024372095283449254}"
0.9203084832904884,0.9202505147091534,0.921668388640967,0.9203084832904884,0.91821,1,0.8923076923076924,0.9223057644110275,0.8975609756097561,0.9484536082474226,"[1206832, 1148928, 1206047, 1263072, 1142143, 1142824, 1137148, 1139854, 1139537, 1263340, 1263700, 1146314, 1141081, 1136846, 1148322, 1207853, 1207115, 1138052, 1264184, 1138495, 1143710]","[1033780, 1033410, 1033997, 1033337, 1033752, 1033812, 1235612, 1235650, 1033327, 1033595]","{'TTR': 0.08812539076647513, 'and': 0.050644328324998746, 'to': 0.04308535419777283, 'VBG': 0.04209872787086707, 'RB': 0.0366359297952914, 'of': 0.02769914190487014, 'a': 0.025234351380323986, 'as': 0.025044778898808594, 'mean_sen_len': 0.023900624113377567, 'VB': 0.023852138230373573}"
0.9331619537275064,0.9331593033872978,0.933205994806415,0.9331619537275064,0.93367,1,0.9384615384615385,0.9326424870466321,0.9375,0.9278350515463918,"[1207651, 1208107, 1148217, 1142470, 1136350, 1150071, 1140097, 1142850, 1136883, 1142544, 1140082, 1206442]","[1235605, 1033780, 1235636, 1033337, 1033807, 1033351, 1033595, 1033339, 1033786, 1033533, 1033626, 1235650, 1235629, 1033796]","{'TTR': 0.06924504111855789, 'VBG': 0.056670044495919884, 'to': 0.045283051195281976, 'RB': 0.04487016854564253, 'and': 0.038325148160780094, 'of': 0.035156735109057514, 'as': 0.03491779880015372, 'VB': 0.028341317891777105, 'mean_sen_len': 0.024487446308062356, 'VBN': 0.022960689684177672}"
0.9383033419023136,0.938298448966544,0.9384920416428243,0.9383033419023136,0.93782,1,0.9282051282051282,0.9387755102040817,0.9292929292929293,0.9484536082474226,"[1150133, 1143857, 1264189, 1140209, 1135611, 1264213, 1142796, 1138318, 1146380, 1207757, 1264775, 1135705, 1137682, 1141239]","[1033935, 1033961, 1033351, 1235650, 1033662, 1033337, 1033780, 1033286, 1235621, 1033796]","{'TTR': 0.08849878671401434, 'VBG': 0.04942833448680981, 'and': 0.04650835222590692, 'as': 0.04128194293799133, 'to': 0.0404383568446308, 'RB': 0.03950580386729139, 'of': 0.03326191115434812, 'VBN': 0.02607091365042388, 'VB': 0.024804370427010364, 'PRP': 0.024254091215653743}"
0.9125964010282777,0.9123763866694458,0.9170266439228311,0.9125964010282777,0.90811,1,0.8615384615384616,0.9166666666666666,0.8738317757009346,0.9639175257731959,"[1141200, 1136979, 1262879, 1140691, 1141981, 1142156, 1141888, 1264193, 1135632, 1139651, 1144541, 1265082, 1263297, 1143376, 1207131, 1141158, 1143085, 1136569, 1143490, 1142799, 1262997, 1144192, 840971, 1148138, 1147688, 1150204, 1263965]","[1178722, 1033935, 1033602, 1033949, 1033435, 1033791, 1033337]","{'TTR': 0.09384941253240829, 'to': 0.05076733759082144, 'VBG': 0.04777099595467918, 'RB': 0.04103711800409931, 'and': 0.04081081425404978, 'as': 0.03196243730024231, 'mean_sen_len': 0.029972188237454317, 'VB': 0.02624358815933202, 'with': 0.02586784193315829, 'of': 0.02558836263432472}"
0.9074550128534704,0.9073080149387991,0.9102496083093805,0.9074550128534704,0.90374,1,0.8666666666666667,0.9108910891089109,0.8761904761904762,0.9484536082474226,"[1148827, 1143250, 1135453, 1142409, 1142146, 1137438, 1138254, 1136460, 1136907, 1143232, 1139484, 1264319, 1138886, 1264205, 1148322, 1264374, 1149601, 1147973, 1141810, 840910, 1148613, 1144916, 1144517, 1263700, 1135722, 1143821]","[1033337, 1033780, 1033339, 1033470, 1235605, 1033278, 1235612, 1235650, 1033812, 1033689]","{'TTR': 0.09560587446347196, 'and': 0.058431264821282164, 'VBG': 0.04457578398224512, 'RB': 0.03478686881242228, 'to': 0.034744681233185595, 'of': 0.03142322749551582, 'VB': 0.030820632443558035, 'mean_sen_len': 0.030446878318847685, 'as': 0.02756355546438518, 'by': 0.02737189618642721}"
0.9408740359897172,0.9407918758412165,0.9435226298979512,0.9408740359897172,0.93867,1,0.9025641025641026,0.9429280397022333,0.9090909090909091,0.979381443298969,"[1150035, 1147214, 1142626, 1264039, 1137072, 841019, 1145038, 1206266, 1140339, 1148324, 1145855, 1148912, 1143195, 1142006, 1207553, 1144153, 1208238, 1139068, 1145922]","[1033502, 1033812, 1178716, 1033286]","{'TTR': 0.08233856680209221, 'VBG': 0.05265974199773174, 'and': 0.042211793390811075, 'RB': 0.03910264041683253, 'to': 0.03783687247219729, 'as': 0.03289713241321733, 'VB': 0.029399606092987595, 'of': 0.027251619961992393, 'mean_sen_len': 0.025554202138637606, 'with': 0.022865579614085516}"
0.9383033419023136,0.9382666274138927,0.9394728919150512,0.9383033419023136,0.93684,1,0.9128205128205128,0.9396984924623115,0.9166666666666666,0.9639175257731959,"[1148465, 1135689, 841039, 1142882, 1139073, 1149313, 1206621, 1145038, 1141428, 1145922, 1207016, 1146266, 1146054, 1139563, 1206059, 1144945, 1140963]","[1033307, 1033533, 1033400, 1033807, 1033899, 1033413, 1033293]","{'TTR': 0.07589311002941514, 'VBG': 0.059924434721331445, 'and': 0.04618844169436442, 'to': 0.0458234036921435, 'RB': 0.03193005421486706, 'as': 0.031167077187059203, 'mean_sen_len': 0.029655297162372755, 'VB': 0.029476456079365696, 'in': 0.025706817725400084, 'VBN': 0.024016550639748994}"
0.9280205655526992,0.9277570724773709,0.9346572842332004,0.9280205655526992,0.9235,1,0.8666666666666667,0.9320388349514563,0.8807339449541285,0.9896907216494846,"[1264841, 1148928, 1150158, 1148301, 1139414, 1141950, 1139624, 1206573, 1150099, 1147675, 1207690, 1150142, 1141846, 1139385, 1140803, 1149981, 1147088, 1206508, 1144042, 1136507, 1149772, 1139990, 1136035, 1207703, 841066, 1263292]","[1033278, 1033533]","{'TTR': 0.08770835971178714, 'VBG': 0.06824777690130546, 'and': 0.04681731567768658, 'RB': 0.04024152457538646, 'as': 0.03825579479863442, 'of': 0.03205554792721681, 'to': 0.03200245790542994, 'mean_sen_len': 0.02629935474886359, 'a': 0.024039561613285253, 'in': 0.023044606380767756}"
0.9074550128534704,0.9073080149387991,0.9102496083093805,0.9074550128534704,0.90374,1,0.8666666666666667,0.9108910891089109,0.8761904761904762,0.9484536082474226,"[1147513, 1146446, 1145334, 1264822, 1147701, 1136895, 1146574, 1136602, 1135501, 1141635, 1141728, 1145307, 1141216, 1264757, 1140523, 1207562, 1137010, 1143399, 1264442, 841356, 1140208, 1147331, 1263188, 1207696, 1136071, 1207940]","[1033796, 1033248, 1235611, 1033320, 1033410, 1033470, 1235650, 1033435, 1033701, 1033471]","{'TTR': 0.0842453107539201, 'VBG': 0.058168363487989955, 'to': 0.05065199300177019, 'and': 0.050527893927412484, 'RB': 0.04062434106183638, 'mean_sen_len': 0.030984546026418314, 'VB': 0.026295820313593087, 'in': 0.026044497510823144, 'VBN': 0.025909655688944464, 'as': 0.02573480849586094}"
0.9305912596401028,0.9304340526147772,0.9347553342176609,0.9305912596401028,0.92722,1,0.882051282051282,0.9336609336609336,0.892018779342723,0.979381443298969,"[1263253, 1149045, 1206093, 1147088, 1150004, 1136511, 1150158, 1137524, 1145310, 1145572, 1149077, 1149168, 1137438, 1146366, 1264205, 1146177, 1146390, 1263488, 1146912, 1263583, 1138607, 1148710, 1144834]","[1033949, 1033899, 1033410, 1033413]","{'TTR': 0.08202214506354037, 'VBG': 0.06054877889396097, 'and': 0.052188206162607324, 'RB': 0.04459112959381249, 'to': 0.03517621508541515, 'by': 0.03102327995188739, 'in': 0.030295643837641197, 'of': 0.0272772393683662, 'as': 0.024250538718360967, 'a': 0.02392997103559807}"
0.961439588688946,0.961434491645053,0.9617472425039553,0.961439588688946,0.96104,1,0.9487179487179487,0.9618320610687023,0.949748743718593,0.9742268041237113,"[1263837, 1206727, 1144187, 1147110, 1206730, 1143180, 1139450, 1136693, 1149045, 1136704]","[1033780, 1033724, 1033920, 1033351, 1033774]","{'TTR': 0.08488139952577854, 'VBG': 0.049249453533816386, 'and': 0.04468398249306086, 'RB': 0.0381591177683754, 'as': 0.03603658450788215, 'to': 0.03580122785290556, 'of': 0.033152513654854415, 'in': 0.032612160531180545, 'VBN': 0.029394860409450545, 'mean_sen_len': 0.026947498335026843}"
0.9254498714652957,0.925429174731327,0.9260084606775236,0.9254498714652957,0.92428,1,0.9076923076923077,0.9265822784810127,0.9104477611940298,0.9432989690721649,"[1142832, 1206595, 1139097, 1139317, 1136218, 1138955, 1141635, 1149310, 1138821, 1263481, 1206116, 1142812, 1141723, 1148928, 1146223, 841337, 1143757, 1150069]","[1033934, 1033451, 1033339, 1033920, 1033327, 1033396, 1033796, 1235681, 1033617, 1235621, 1178716]","{'TTR': 0.0795872849651468, 'and': 0.05100108691684479, 'VBG': 0.05022329553374514, 'RB': 0.036340817316692246, 'to': 0.034451193780555604, 'VB': 0.03230102433487972, 'mean_sen_len': 0.031274235004248155, 'of': 0.03068737016568132, 'VBN': 0.024828085845897525, 'as': 0.024463363784240685}"
0.9254498714652957,0.9253956427924339,0.926825519931739,0.9254498714652957,0.92348,1,0.8974358974358975,0.9273182957393483,0.9024390243902439,0.9536082474226805,"[1136864, 1137570, 1140385, 1206398, 1207296, 1136640, 1144927, 1144021, 1263392, 1144108, 1149887, 1135998, 1206269, 1264336, 1142065, 1141242, 1145231, 1147214, 1140605, 1146562]","[1033774, 1033837, 1033961, 1178716, 1235650, 1033791, 1033246, 1033935, 1033470]","{'TTR': 0.0940750505536024, 'and': 0.044448481302041855, 'to': 0.044084808791087476, 'VBG': 0.042202972547235484, 'RB': 0.03206631697680711, 'mean_sen_len': 0.030240512498852352, 'VB': 0.02868154504182546, 'of': 0.02703606092678093, 'with': 0.026877897152655934, 'by': 0.023639650163093703}"
0.9177377892030848,0.9176071243900438,0.9206002252691227,0.9177377892030848,0.91444,1,0.8769230769230769,0.9207920792079208,0.8857142857142857,0.9587628865979382,"[1145003, 1148176, 1142401, 1140265, 1264277, 1263749, 1206820, 1135447, 1138925, 1149691, 1135479, 1143776, 1140571, 1146656, 1208135, 1207137, 1143586, 1147746, 1264225, 1263690, 1141055, 1141607, 1145540, 1145096]","[1033807, 1033774, 1033410, 1033435, 1033502, 1033791, 1033471, 1033595]","{'TTR': 0.07636270269421021, 'VBG': 0.054435674566863795, 'and': 0.05036081977751576, 'of': 0.042892087466023424, 'to': 0.03811241659504993, 'RB': 0.03742689906439698, 'by': 0.03209535328261576, 'VBN': 0.029317281553518107, 'with': 0.029024945548270766, 'mean_sen_len': 0.028008020900811954}"
0.922879177377892,0.922811849675603,0.924506779014004,0.922879177377892,0.92063,1,0.8923076923076924,0.925,0.8980582524271845,0.9536082474226805,"[1265184, 1264474, 1149642, 1263045, 1265208, 1265156, 1143929, 1139509, 1207513, 1263709, 1142369, 1139708, 1137455, 1139461, 1144241, 1138516, 1148385, 841293, 1150035, 1144895, 1139250]","[1033435, 1033533, 1033337, 1033307, 1033780, 1033595, 1033570, 1033997, 1033742]","{'TTR': 0.07727347998179387, 'VBG': 0.04893445952685285, 'and': 0.04649190153984191, 'RB': 0.04098012800453632, 'to': 0.03644126045077296, 'in': 0.032228428676402986, 'VB': 0.028578824855357187, 'of': 0.02816735098471853, 'mean_sen_len': 0.027668177357316196, 'a': 0.027071492582026707}"
0.9280205655526992,0.9279777319828746,0.9291642315232214,0.9280205655526992,0.92632,1,0.9025641025641026,0.9296482412060302,0.9068627450980392,0.9536082474226805,"[1149562, 1140822, 1142316, 1137890, 1135859, 1137235, 1206319, 1141810, 1139807, 1140129, 1136817, 1263690, 1144279, 1140446, 1262906, 1136035, 1144793, 1137908, 1138671]","[1033413, 1033407, 1235611, 1033320, 1235612, 1033396, 1033935, 1033471, 1033533]","{'TTR': 0.07812443806733614, 'RB': 0.04588214726040551, 'VBG': 0.04548159603289556, 'and': 0.04406312778491909, 'of': 0.04191460052046892, 'to': 0.038357267618289524, 'as': 0.027687520430878434, 'by': 0.026906989501687812, 'VB': 0.026620269334873176, 'VBN': 0.02612639973289898}"
0.9203084832904884,0.9202979493997764,0.9205916607798837,0.9203084832904884,0.91948,1,0.9076923076923077,0.9211195928753181,0.9095477386934674,0.9329896907216495,"[1141471, 1143998, 1143994, 1142269, 1149691, 1148717, 1142599, 1139137, 1207688, 841041, 1138762, 1264642, 1207950, 1140293, 1148519, 1208343, 1148984, 1136141]","[1033920, 1033246, 1033935, 1033824, 1235636, 1033286, 1033949, 1235611, 1033602, 1033837, 1033632, 1235650, 1034007]","{'TTR': 0.0771473556549707, 'to': 0.0498260108169584, 'VBG': 0.045648499157907384, 'and': 0.038100902493517406, 'RB': 0.036841540678891435, 'as': 0.02975870384539868, 'VB': 0.028637744430790278, 'of': 0.026343865460160938, 'by': 0.025557363688409458, 'VBN': 0.024616162820391533}"
0.922879177377892,0.922811849675603,0.924506779014004,0.922879177377892,0.92063,1,0.8923076923076924,0.925,0.8980582524271845,0.9536082474226805,"[1135640, 1264103, 1150017, 1136850, 1143442, 1149805, 1264711, 1139545, 1139593, 1140773, 1148732, 1147388, 1142536, 1145096, 1139185, 1207335, 1146449, 1262895, 1264582, 1143085, 1146978]","[1033327, 1033248, 1033920, 1033471, 1235636, 1033812, 1178704, 1235611, 1033595]","{'TTR': 0.0862588340133544, 'VBG': 0.0656201581166265, 'RB': 0.048392420800000883, 'and': 0.039036801372100714, 'to': 0.037897201361827684, 'mean_sen_len': 0.033396160864758995, 'as': 0.033369090482649855, 'of': 0.03141246328451968, 'VBN': 0.026042494629400274, 'VB': 0.02324701794452272}"
0.9254498714652957,0.9253956427924339,0.926825519931739,0.9254498714652957,0.92348,1,0.8974358974358975,0.9273182957393483,0.9024390243902439,0.9536082474226805,"[1144241, 1264582, 1206685, 1146586, 1264696, 1264193, 1145608, 1263776, 1149541, 1207038, 1137667, 1148262, 1141586, 1138792, 1141081, 1137792, 1135713, 1146408, 1264474, 1139087]","[1178716, 1235636, 1033812, 1033413, 1178698, 1033502, 1033286, 1033410, 1033533]","{'TTR': 0.08577262067180616, 'VBG': 0.05752385992432313, 'RB': 0.05146955576713364, 'to': 0.05019284583803419, 'and': 0.046066246650023575, 'as': 0.034137819549635004, 'of': 0.03186871655471271, 'by': 0.030291846479142726, 'VBN': 0.02525492247472583, 'PRP': 0.024981362740997735}"
0.8997429305912596,0.89920214167983,0.9088638321022455,0.8997429305912596,0.89197,1,0.8256410256410256,0.9064748201438849,0.8475336322869955,0.9742268041237113,"[1139651, 1137315, 1145054, 1145155, 841271, 1263212, 1145654, 1143929, 1207568, 1141950, 1146917, 1206521, 1145929, 1262876, 1264637, 1144560, 1144228, 1142706, 1137018, 1143196, 1263119, 1138880, 1137704, 1144753, 1147581, 1148477, 841356, 1208279, 1135606, 1144360, 1149459, 1263417, 1137431, 1149420]","[1034007, 1033286, 1033595, 1033470, 1033824]","{'TTR': 0.08251073546745624, 'to': 0.04509204371568207, 'and': 0.04456676796195083, 'VBG': 0.044220826236177825, 'RB': 0.04062396801834178, 'VB': 0.040273276525979125, 'of': 0.029683323448899, 'mean_sen_len': 0.02894653505620306, 'by': 0.026801081012034943, 'in': 0.02525463976053989}"
0.9203084832904884,0.9202262493752322,0.922207674471003,0.9203084832904884,0.91777,1,0.8871794871794871,0.9226932668329177,0.893719806763285,0.9536082474226805,"[1207474, 841288, 1138125, 1144925, 1208400, 1146325, 1139848, 1143532, 1207086, 1264493, 1139254, 1145233, 1144538, 1137474, 1263420, 1147760, 1145183, 1263856, 1135447, 1141229, 1208420, 1136292]","[1033791, 1178716, 1033824, 1235650, 1033786, 1033470, 1033920, 1033410, 1033780]","{'TTR': 0.0840275411043449, 'VBG': 0.04905272698919339, 'RB': 0.04444423139754232, 'and': 0.04109715032923253, 'VB': 0.03121454699405053, 'to': 0.03073905027450176, 'of': 0.02902821315422436, 'with': 0.02896175390933775, 'as': 0.027040673001018936, 'mean_sen_len': 0.02597022466651664}"
0.9254498714652957,0.9253156402736799,0.9287404803620958,0.9254498714652957,0.92225,1,0.882051282051282,0.928395061728395,0.8909952606635071,0.9690721649484536,"[1135652, 1145871, 1148224, 1206702, 1145876, 1141702, 1137085, 1136142, 1148702, 1208110, 1206946, 1142420, 1150105, 1143789, 1207571, 1142146, 1142553, 1136886, 1148348, 1141163, 1144516, 1145836, 1137286]","[1033471, 1033435, 1033451, 1033899, 1235629, 1033533]","{'TTR': 0.07649128481679034, 'and': 0.05077944094820738, 'VBG': 0.0472220309782066, 'RB': 0.04347416960762768, 'to': 0.03483739725060615, 'mean_sen_len': 0.03397989057828957, 'of': 0.030657380021001653, 'as': 0.027140475627189912, 'VBN': 0.026499258797632458, 'VB': 0.025555317145797337}"
0.922879177377892,0.9227566791156661,0.9257755337489938,0.922879177377892,0.91979,1,0.882051282051282,0.9257425742574258,0.8904761904761904,0.9639175257731959,"[1141982, 1207491, 1263499, 1140521, 1137073, 1143750, 1145876, 1145583, 1139720, 1207617, 1141798, 1264844, 1137306, 1147485, 1138901, 841016, 1144801, 1143490, 1148349, 1149562, 1150133, 1141019, 1139436]","[1235605, 1033337, 1033410, 1033451, 1033595, 1033961, 1235650]","{'TTR': 0.0711672387775975, 'VBG': 0.06138960139484253, 'to': 0.044576986883549365, 'and': 0.04385363766141339, 'RB': 0.03567336719428064, 'mean_sen_len': 0.03558158781818885, 'in': 0.031520144026959476, 'VB': 0.026208947625444536, 'of': 0.02391424373317297, 'VBN': 0.02385407744865977}"
0.9203084832904884,0.9201977456990311,0.9228381774721918,0.9203084832904884,0.91733,1,0.882051282051282,0.9230769230769231,0.8899521531100478,0.9587628865979382,"[1139696, 1148089, 1263417, 1142149, 1150244, 1206617, 1265259, 1144329, 1264996, 1138468, 1143823, 1146524, 1142252, 1148182, 1146082, 1208461, 1141109, 1139268, 1147376, 1211678, 1147736, 1142551, 1147782]","[1033602, 1033293, 1033796, 1235650, 1033327, 1033812, 1033502, 1033339]","{'TTR': 0.08869756568969224, 'VBG': 0.06000543034513196, 'RB': 0.04201715394631342, 'and': 0.04086672851704634, 'to': 0.03750005892965181, 'mean_sen_len': 0.0329898093138399, 'of': 0.031618214669001055, 'in': 0.03048720413846679, 'VB': 0.03013598573564328, 'as': 0.027652986289848948}"
0.9125964010282777,0.9125200962990166,0.9141863607964855,0.9125964010282777,0.91005,1,0.882051282051282,0.915,0.8883495145631068,0.9432989690721649,"[1138906, 1207661, 1145107, 1264844, 1144444, 1208322, 1145922, 1207137, 1264290, 1263835, 1139276, 1135644, 1145583, 1139430, 1136762, 1136449, 1148628, 1143250, 1142875, 1139509, 1135724, 1150380, 1145144]","[1033812, 1178704, 1033961, 1033899, 1033796, 1033958, 1033774, 1033920, 1033327, 1033602, 1033860]","{'TTR': 0.08769807935888912, 'VBG': 0.05135814071785189, 'and': 0.04633348531197077, 'to': 0.04217868635645407, 'RB': 0.034471053504134694, 'of': 0.03428078552623018, 'as': 0.031281711243264586, 'mean_sen_len': 0.02722884244527202, 'VBN': 0.024004873986643815, 'by': 0.02280123820610252}"
0.9151670951156813,0.915014349276946,0.9183809076238006,0.9151670951156813,0.91153,1,0.8717948717948718,0.9185185185185185,0.8815165876777251,0.9587628865979382,"[1142105, 1206067, 1136825, 1136363, 1145402, 1139385, 1144217, 1144802, 1136498, 1149118, 1147485, 1147762, 1142858, 1262879, 1138565, 1143192, 1144886, 1138440, 1137478, 1146908, 1145572, 1147239, 1208332, 1150319, 1136769]","[1033860, 1033278, 1235611, 1033351, 1033796, 1033899, 1033470, 1033935]","{'TTR': 0.09904032223067827, 'VBG': 0.05186902291865022, 'and': 0.04275158783164465, 'to': 0.040156604189221075, 'of': 0.034994531349228815, 'RB': 0.03114738239724085, 'in': 0.028284906255741843, 'mean_sen_len': 0.02761950416659579, 'VB': 0.027001037425173024, 'as': 0.025828226537432507}"
0.9280205655526992,0.9279939191916472,0.9287533773791715,0.9280205655526992,0.9267,1,0.9076923076923077,0.9292929292929293,0.9108910891089109,0.9484536082474226,"[1141343, 1137705, 1141728, 1263710, 1136574, 1143994, 1136449, 1136769, 1148243, 1138102, 1207562, 1145583, 1139087, 1147770, 1140606, 1206778, 1146068, 1263392]","[1033453, 1033949, 1033742, 1033774, 1033780, 1033595, 1033791, 1033502, 1235636, 1033617]","{'TTR': 0.08301129538793528, 'VBG': 0.0516716619159016, 'and': 0.045511233958555296, 'RB': 0.03983152233228063, 'to': 0.03912184381920706, 'mean_sen_len': 0.03260792366067383, 'in': 0.028626042800929043, 'VB': 0.02754049520371471, 'PRP': 0.02706065236942766, 'of': 0.026178211324969954}"
0.910025706940874,0.9098219200561928,0.9139969520323625,0.910025706940874,0.90566,1,0.8615384615384616,0.914004914004914,0.8732394366197183,0.9587628865979382,"[1148029, 1139751, 1140684, 1206103, 1206306, 1263837, 1146051, 1148628, 1148338, 1139074, 840976, 1144735, 1206877, 1145404, 1144796, 1142706, 1144942, 1264620, 1136592, 1208238, 1145062, 1148913, 1144290, 1141627, 1138776, 1144394, 1146917]","[1033278, 1033807, 1033533, 1033510, 1235612, 1033471, 1033435, 1033796]","{'TTR': 0.09746618868410416, 'VBG': 0.055424500171386545, 'RB': 0.047758651403911424, 'and': 0.0398892924458479, 'to': 0.039070140107574425, 'VB': 0.032128026169353674, 'of': 0.027017215863098194, 'as': 0.02524224254851608, 'by': 0.022483753615393388, 'mean_sen_len': 0.0220791068584556}"
0.9203084832904884,0.9202505147091534,0.921668388640967,0.9203084832904884,0.91821,1,0.8923076923076924,0.9223057644110275,0.8975609756097561,0.9484536082474226,"[1140516, 1141872, 1149993, 1143688, 1141966, 1144593, 1263822, 1265316, 1149666, 1263208, 1264716, 1140415, 1149877, 1136332, 1140521, 1140339, 1143042, 1207617, 1136746, 1139517, 1136079]","[1033899, 1033626, 1033307, 1033413, 1235612, 1033396, 1033701, 1178716, 1235611, 1033435]","{'TTR': 0.09553285637784914, 'and': 0.047053448305647, 'VBG': 0.04635767029701656, 'RB': 0.04501973253619223, 'to': 0.043622431043331134, 'VB': 0.03336043165592272, 'VBN': 0.031048006882429587, 'of': 0.027305415698493984, 'mean_sen_len': 0.024601988166305287, 'a': 0.024546420197507583}"
0.9203084832904884,0.9201977456990311,0.9228381774721918,0.9203084832904884,0.91733,1,0.882051282051282,0.9230769230769231,0.8899521531100478,0.9587628865979382,"[1207628, 1207678, 1142799, 1143177, 1137334, 1207013, 1206074, 1139127, 1137950, 1145876, 1207382, 1149497, 1264778, 1145929, 1138683, 1264662, 1141794, 1147326, 1264582, 1143850, 1264997, 1147579, 1262886]","[1235650, 1033396, 1033837, 1033831, 1178716, 1033435, 1033602, 1033934]","{'TTR': 0.07454655264750933, 'VBG': 0.05450945562960111, 'and': 0.05073825609884256, 'to': 0.042302517418586545, 'RB': 0.03891906796487109, 'as': 0.037807951680211636, 'mean_sen_len': 0.032938569623032266, 'of': 0.03055314399783172, 'VBN': 0.025831123832558617, 'in': 0.022324022591527434}"
0.9203084832904884,0.9202705492497295,0.921219643812013,0.9203084832904884,0.91864,1,0.8974358974358975,0.9219143576826196,0.9014778325123153,0.9432989690721649,"[1135676, 1150038, 1139591, 1140543, 1140052, 1138125, 1139032, 1141191, 1145044, 1143369, 1139776, 1138930, 1143497, 1136095, 1144316, 1144049, 1263039, 1143566, 1139775, 1145205]","[1033410, 1033451, 1178716, 1033774, 1033246, 1235636, 1235650, 1033899, 1033961, 1033396, 1235629]","{'TTR': 0.0862165037001684, 'to': 0.046913859485626375, 'VBG': 0.04601871092554368, 'and': 0.04399544785439367, 'RB': 0.03409872781253823, 'VB': 0.03397843827463266, 'as': 0.032471613338010234, 'of': 0.02833043709180922, 'mean_sen_len': 0.027759830880136147, 'with': 0.02557814086510351}"
0.9254498714652957,0.9253462782345774,0.9280092905786317,0.9254498714652957,0.92267,1,0.8871794871794871,0.9280397022332506,0.8947368421052632,0.9639175257731959,"[1146908, 1141493, 1264173, 1148206, 1147332, 1208512, 1143789, 1149104, 1137020, 1264617, 1264889, 1206791, 1149850, 1143995, 1207922, 1147664, 1139153, 1136983, 1148519, 840863, 1207246, 1136709]","[1033949, 1033837, 1033812, 1033791, 1034007, 1033533, 1178704]","{'TTR': 0.08824637765626778, 'RB': 0.04629530330950745, 'VBG': 0.04591149020797035, 'and': 0.04259508013349691, 'to': 0.03844752677186659, 'of': 0.033046001392023176, 'by': 0.031240995563991545, 'mean_sen_len': 0.026835294405990893, 'in': 0.026616338233988984, 'as': 0.024618230416753074}"
0.9177377892030848,0.9176387384305841,0.9199278774457373,0.9177377892030848,0.91489,1,0.882051282051282,0.9203980099502488,0.8894230769230769,0.9536082474226805,"[1206802, 1135867, 1142517, 1144798, 1145872, 1141615, 1144630, 1206672, 1207989, 1149691, 1136350, 1139831, 1146321, 1139796, 1137682, 1207528, 1148633, 1264830, 1142310, 1264172, 1138607, 1142573, 1149611]","[1033920, 1033860, 1033701, 1033339, 1033435, 1033595, 1033780, 1033742, 1033451]","{'TTR': 0.07695061772774779, 'RB': 0.0528591475840722, 'VBG': 0.050473174068119485, 'to': 0.039797938038137595, 'and': 0.038077097035060785, 'VB': 0.03732015988841567, 'of': 0.032588693525490355, 'VBN': 0.02626518353881507, 'as': 0.025340254882191503, 'PRP': 0.023618859434792007}"
0.9125964010282777,0.9125200962990166,0.9141863607964855,0.9125964010282777,0.91005,1,0.882051282051282,0.915,0.8883495145631068,0.9432989690721649,"[1144362, 1136894, 1206988, 1207553, 1144111, 1141824, 1145553, 1145021, 1136602, 1207354, 1146900, 1142649, 1143312, 1263700, 1206587, 1147159, 1143192, 1144051, 1146068, 1147139, 1265316, 1147430, 1207568]","[1033742, 1235605, 1033689, 1033327, 1033435, 1033286, 1033791, 1033997, 1178716, 1178704, 1033949]","{'TTR': 0.08376773136009773, 'to': 0.04719137911992499, 'RB': 0.04090077568484098, 'and': 0.040773591435821155, 'VBG': 0.03949343097537874, 'mean_sen_len': 0.03373337329903649, 'as': 0.030027294354864925, 'of': 0.029050724866091334, 'VB': 0.02716548139571362, 'VBN': 0.023326727635813352}"
0.9331619537275064,0.9331221796983837,0.9343185617191364,0.9331619537275064,0.93158,1,0.9076923076923077,0.9346733668341709,0.9117647058823529,0.9587628865979382,"[1139807, 1137947, 1140755, 1139191, 1148640, 1147664, 1150142, 1206161, 1144722, 1206255, 1139074, 1207133, 1144735, 1143663, 1147928, 1263867, 1263500, 1208030]","[1235650, 1033807, 1033293, 1033796, 1033339, 1235605, 1033780, 1033935]","{'TTR': 0.07639357098269994, 'and': 0.0497067410638797, 'VBG': 0.04793520258477265, 'to': 0.043665485900352574, 'RB': 0.035796167149578735, 'of': 0.03488985311764338, 'VB': 0.03332599544101304, 'as': 0.030077422340076775, 'VBN': 0.027438907948387124, 'with': 0.026185993071872027}"
0.9305912596401028,0.9305719902670975,0.9311560395256121,0.9305912596401028,0.9295,1,0.9128205128205128,0.9316455696202531,0.9154228855721394,0.9484536082474226,"[1136933, 1138298, 1263907, 1206595, 1264690, 1142931, 1264196, 1140868, 1140684, 1145812, 1146724, 1145155, 1142024, 1147568, 1135657, 1136979, 1143836]","[1033248, 1033661, 1235611, 1033293, 1235629, 1033807, 1033831, 1033774, 1178716, 1033351]","{'TTR': 0.085613980811445, 'and': 0.04980653285292396, 'to': 0.044621650633293174, 'VBG': 0.04134308278558657, 'RB': 0.03555593139469257, 'with': 0.029875776566899458, 'of': 0.02859749161584443, 'VB': 0.027979443395321345, 'mean_sen_len': 0.025625616782900255, 'as': 0.022888386871028454}"
0.9331619537275064,0.9331221796983837,0.9343185617191364,0.9331619537275064,0.93158,1,0.9076923076923077,0.9346733668341709,0.9117647058823529,0.9587628865979382,"[1145929, 1137217, 1263618, 1140867, 1141236, 1136907, 1263813, 1149384, 1148157, 1143640, 1136894, 1206609, 1147040, 1145003, 1208505, 1137167, 1141318, 1139203]","[1235636, 1033470, 1033451, 1235650, 1033791, 1033286, 1033339, 1033786]","{'TTR': 0.081547728753775, 'to': 0.046076669111421296, 'and': 0.043409769013929324, 'VBG': 0.04056495602362761, 'RB': 0.036647607036295264, 'of': 0.029948105441660343, 'mean_sen_len': 0.029435944933319403, 'VB': 0.027229489109787387, 'as': 0.02684258018076493, 'by': 0.023227059177387304}"
0.9460154241645244,0.9459597173187058,0.9480254975951857,0.9460154241645244,0.9443,1,0.9128205128205128,0.9476309226932669,0.9178743961352657,0.979381443298969,"[841195, 1207330, 1135646, 1148150, 841461, 1146446, 1265023, 1136498, 1136431, 1140684, 1265027, 1207841, 1149064, 841260, 1207678, 1144592, 1137406]","[1033837, 1033824, 1033246, 1033961]","{'TTR': 0.07136626157702092, 'RB': 0.055573969932954846, 'VBG': 0.04566897781010071, 'and': 0.04361626238284622, 'to': 0.03823563952810048, 'as': 0.03468340706956577, 'VB': 0.03148189909139739, 'of': 0.026182911854283702, 'in': 0.02553262164842761, 'by': 0.02549747729069575}"
0.9048843187660668,0.9047861686091482,0.9067169805964933,0.9048843187660668,0.90186,1,0.8717948717948718,0.9077306733167082,0.8792270531400966,0.9381443298969072,"[1136874, 1138855, 1135498, 1149032, 1206406, 1148348, 1136551, 1139032, 1263235, 1148393, 1141200, 1265185, 1138174, 1142631, 1147370, 1207812, 1138852, 1265066, 1141897, 1146345, 1142143, 1147332, 1147584, 1142470, 1138106]","[1178673, 1033339, 1033774, 1235629, 1033327, 1033502, 1235652, 1033920, 1033807, 1033351, 1033451, 1033701]","{'TTR': 0.08518871959481483, 'VBG': 0.04421755514499376, 'RB': 0.03939444443344551, 'and': 0.03795051273381536, 'to': 0.03420098079421139, 'as': 0.03273777414841475, 'of': 0.030359100500567237, 'VB': 0.02939628512861197, 'in': 0.027143176971441762, 'VBN': 0.026762020064347847}"
0.9151670951156813,0.9151053866258732,0.916511257350195,0.9151670951156813,0.91293,1,0.8871794871794871,0.9172932330827067,0.8926829268292683,0.9432989690721649,"[1140643, 1145748, 840976, 1264650, 1147688, 1136894, 1145965, 1206573, 1144822, 1143968, 1206880, 1139618, 1264716, 1149273, 1139807, 1144970, 1139696, 1264717, 1143845, 1145003, 1136527, 1136887]","[1033780, 1033774, 1033961, 1033435, 1033807, 1033752, 1033724, 1235636, 1033837, 1033293, 1033935]","{'TTR': 0.09417896881849393, 'to': 0.04556388459314814, 'VBG': 0.04473958715589268, 'and': 0.04456923197670487, 'RB': 0.03554619662955599, 'VB': 0.03328302479490336, 'VBN': 0.027545928537147588, 'as': 0.026980450178394295, 'with': 0.02697654161792975, 'of': 0.026587775226272377}"
0.9074550128534704,0.907399941120839,0.9085469107395615,0.9074550128534704,0.90526,1,0.882051282051282,0.9095477386934674,0.8872549019607843,0.9329896907216495,"[1137020, 1145835, 1141982, 1139513, 1144799, 1148704, 1150429, 1207305, 1148182, 1146656, 1207133, 1145217, 1135851, 1137794, 1145406, 1146571, 1208337, 1144554, 1142369, 1140963, 1137600, 1207256, 1207485]","[1033961, 1033502, 1033920, 1235611, 1033595, 1033396, 1033935, 1033780, 1033307, 1033774, 1033425, 1235650, 1033837]","{'TTR': 0.07802785064557426, 'VBG': 0.06335527606576914, 'and': 0.04560446690291652, 'to': 0.04149115480502222, 'mean_sen_len': 0.032404247798561374, 'RB': 0.030505104126769628, 'as': 0.02747052746723655, 'of': 0.027179028816098887, 'VBN': 0.02573873278841373, 'VBP': 0.024254991282832247}"
0.922879177377892,0.9227863172786724,0.9250950763505976,0.922879177377892,0.92021,1,0.8871794871794871,0.9253731343283582,0.8942307692307693,0.9587628865979382,"[1144114, 1206802, 1206592, 1207001, 1148082, 1145233, 1139645, 1264942, 1139144, 1135675, 1144632, 1149877, 1143075, 1207729, 1139659, 1262904, 1141888, 1148633, 1145062, 1140564, 1145855, 841279]","[1033351, 1235636, 1033796, 1033339, 1178708, 1033413, 1235629, 1235621]","{'TTR': 0.08397122281789311, 'VBG': 0.046770871761713566, 'RB': 0.045348499341334086, 'and': 0.04022706091440873, 'to': 0.033586652755705326, 'as': 0.030905839549825082, 'of': 0.030194070193143904, 'mean_sen_len': 0.028782986461795966, 'a': 0.02567584557018462, 'VB': 0.025245483194733857}"
0.9254498714652957,0.9253956427924339,0.926825519931739,0.9254498714652957,0.92348,1,0.8974358974358975,0.9273182957393483,0.9024390243902439,0.9536082474226805,"[1208301, 1208528, 1147770, 1140691, 1146474, 1142836, 1145972, 1206196, 1138107, 1142510, 1207485, 1208529, 1136865, 1145545, 1208146, 1206298, 1141245, 1139144, 1148984, 1138495]","[1033935, 1033396, 1033533, 1033502, 1235650, 1235605, 1033278, 1033774, 1033417]","{'TTR': 0.08647640803404341, 'VBG': 0.053477512009312445, 'RB': 0.04451866661780023, 'to': 0.04285987238047953, 'and': 0.03365253696503648, 'VB': 0.031056969200055434, 'VBN': 0.03087059421290284, 'as': 0.02925423891379964, 'of': 0.027282222281426162, 'mean_sen_len': 0.026369938869611132}"
0.9331619537275064,0.9330557885669106,0.9361261507087361,0.9331619537275064,0.93048,1,0.8923076923076924,0.9356435643564357,0.9,0.9742268041237113,"[1139618, 1265027, 1140910, 1147644, 1147579, 1137415, 1136807, 1143035, 1144517, 1143578, 1264948, 1148966, 1138007, 1263709, 1144776, 1139418, 1149069, 1265156, 1139959, 841240, 1142622]","[1033934, 1033602, 1033413, 1033752, 1033920]","{'TTR': 0.08224879015960877, 'VBG': 0.05087790910587486, 'and': 0.042082354279831174, 'RB': 0.03967604065814343, 'to': 0.039621031679890194, 'VB': 0.035616053846292524, 'of': 0.030196128686581617, 'mean_sen_len': 0.02699633772772937, 'as': 0.026233555426487153, 'with': 0.02524840891965423}"
0.9280205655526992,0.9279777319828746,0.9291642315232214,0.9280205655526992,0.92632,1,0.9025641025641026,0.9296482412060302,0.9068627450980392,0.9536082474226805,"[1138814, 1264415, 1145572, 1146110, 1146817, 1146083, 1149853, 1138292, 1135605, 1139450, 1207853, 1146368, 1263820, 1138762, 1141432, 1138906, 1140469, 841130, 1137010]","[1033717, 1033471, 1033934, 1033451, 1033286, 1033533, 1235611, 1033595, 1033435]","{'TTR': 0.0944881097802284, 'VBG': 0.0518505739842421, 'to': 0.04430620148447355, 'and': 0.043240226133204364, 'RB': 0.04222536713849408, 'VB': 0.029526137393209757, 'of': 0.027976525342189796, 'VBN': 0.025282051261055562, 'in': 0.025016622521399016, 'mean_sen_len': 0.024911530830356278}"
0.9305912596401028,0.9305582203142805,0.9315232536907005,0.9305912596401028,0.92913,1,0.9076923076923077,0.9319899244332494,0.9113300492610837,0.9536082474226805,"[1140963, 1140623, 1208426, 1137420, 1148859, 841012, 1206255, 1136350, 1144539, 1139430, 1146032, 1264238, 1137018, 1136807, 1264816, 1148206, 1141158, 840929]","[1033837, 1033453, 1033752, 1033327, 1235629, 1033502, 1178716, 1033339, 1033949]","{'TTR': 0.07148658944707081, 'VBG': 0.04506230004776512, 'and': 0.0435859166268917, 'to': 0.03812889380755197, 'RB': 0.03764564677557368, 'as': 0.03390990917627771, 'mean_sen_len': 0.0314293997787939, 'by': 0.031037432058637262, 'of': 0.029646609043886264, 'VB': 0.028138214075063468}"
0.9254498714652957,0.9253156402736799,0.9287404803620958,0.9254498714652957,0.92225,1,0.882051282051282,0.928395061728395,0.8909952606635071,0.9690721649484536,"[1143273, 1143369, 1144989, 1264822, 1135851, 1143113, 1146562, 1143365, 1147703, 1147363, 1136095, 1147174, 1206463, 1144503, 1145527, 1146051, 1140828, 1208490, 1207740, 1206255, 1139157, 1142849, 1208528]","[1033831, 1033837, 1033602, 1178704, 1033860, 1033339]","{'TTR': 0.09022801523822103, 'VBG': 0.049280455112030455, 'and': 0.04071397476171165, 'RB': 0.038580140382652124, 'in': 0.03676903456614448, 'to': 0.03675740221101662, 'VB': 0.032336416049538345, 'mean_sen_len': 0.02897895124724026, 'of': 0.027912648558306562, 'VBN': 0.027557680443641205}"
0.9125964010282777,0.9125200962990166,0.9141863607964855,0.9125964010282777,0.91005,1,0.882051282051282,0.915,0.8883495145631068,0.9432989690721649,"[1139634, 1137134, 1147967, 1264864, 1143284, 1208342, 1137615, 1138814, 1207826, 1138762, 840949, 1148000, 1138918, 1263782, 1136527, 1263117, 1142779, 1144880, 1139317, 841420, 1264842, 1206573, 1148140]","[1033935, 1033899, 1033837, 1235612, 1033595, 1033533, 1034007, 1178716, 1033451, 1033502, 1033435]","{'TTR': 0.08208251512979398, 'VBG': 0.05160121041034712, 'to': 0.049378885009614286, 'and': 0.04878461215170579, 'RB': 0.04431970682516952, 'as': 0.03319552504406952, 'of': 0.029857076840312136, 'PRP': 0.026824668532499447, 'VB': 0.026151676285227216, 'by': 0.025702799197070178}"
0.8997429305912596,0.8996394750204535,0.9015534159716568,0.8997429305912596,0.89655,1,0.8666666666666667,0.9027431421446384,0.8743961352657005,0.9329896907216495,"[1139796, 1139153, 1264483, 1144215, 1137297, 1140093, 1135659, 1148519, 1208367, 1263231, 1146223, 1142363, 1142858, 1264775, 1208487, 1264069, 1149473, 1148659, 1138565, 1137018, 1141163, 1263217, 1139691, 1142544, 1135714, 1138375]","[1033396, 1033417, 1033451, 1033796, 1235605, 1235636, 1033824, 1033470, 1033246, 1033410, 1033278, 1033837, 1033958]","{'TTR': 0.08942209128242005, 'VBG': 0.050438264618613185, 'and': 0.04634122410612141, 'to': 0.04294529615267554, 'as': 0.03595066342857638, 'RB': 0.034008974606761236, 'VB': 0.03101625956891644, 'VBN': 0.029461273848069004, 'of': 0.02939114807793965, 'mean_sen_len': 0.02636280103058974}"
0.9254498714652957,0.9254498714652957,0.9254621031580191,0.9254498714652957,0.92545,1,0.9230769230769231,0.9254498714652957,0.9230769230769231,0.9278350515463918,"[1136374, 1137794, 1143683, 1150219, 1147424, 1136455, 1264109, 1138385, 1145716, 1136907, 1138821, 1136405, 1207059, 1135744, 1138409]","[1033351, 1033410, 1033750, 1033780, 1235636, 1033286, 1033464, 1033278, 1033533, 1235605, 1033602, 1033752, 1033470, 1033920]","{'TTR': 0.08489255154107406, 'VBG': 0.05806121929714592, 'RB': 0.05221685115380492, 'to': 0.03697177170091105, 'and': 0.03494156719433791, 'of': 0.030458164201762766, 'mean_sen_len': 0.029864823544920906, 'VBN': 0.027860874845267312, 'as': 0.023489795581390523, 'VB': 0.02311235481867857}"
0.910025706940874,0.9100007281240152,0.9105657241332581,0.910025706940874,0.90862,1,0.8923076923076924,0.9113924050632911,0.8955223880597015,0.9278350515463918,"[1208342, 1140024, 1146818, 1206586, 1146040, 1136797, 1137271, 1207751, 841194, 1145528, 1149661, 1265155, 1144152, 1206406, 1262879, 1145166, 1207220, 1263820, 1206257, 1262906, 1264913]","[1033801, 1235650, 1033920, 1235629, 1033337, 1235611, 1033293, 1033824, 1033934, 1033796, 1033470, 1033278, 1033807, 1033425]","{'TTR': 0.07228014802688147, 'to': 0.06043460490841704, 'and': 0.053370210006639836, 'VBG': 0.04299901414909191, 'RB': 0.04148591231529476, 'VB': 0.03578250049602028, 'of': 0.034774355934797434, 'with': 0.02989619992320138, 'as': 0.02958614293742801, 'mean_sen_len': 0.027148456026266508}"
0.9203084832904884,0.9203053233738877,0.9204116535957094,0.9203084832904884,0.9199,1,0.9128205128205128,0.9207161125319693,0.9137055837563451,0.9278350515463918,"[1141320, 1147886, 1263035, 1139178, 1139414, 1206555, 1265174, 1263116, 1150130, 1143192, 1148322, 1208470, 1139634, 1143717, 1147592, 1138965, 1263064]","[1235611, 1033958, 1033774, 1033831, 1033337, 1033425, 1033791, 1033934, 1033266, 1033502, 1235605, 1033935, 1033837, 1033812]","{'TTR': 0.08973458482894618, 'VBG': 0.06893436417885718, 'and': 0.05266590326613105, 'to': 0.04818680410849984, 'VB': 0.03024448421893005, 'of': 0.029081195610589753, 'RB': 0.028344350939553505, 'as': 0.025775910773395038, 'mean_sen_len': 0.023315092825621483, 'VBN': 0.022302035786560398}"
0.9280205655526992,0.9279939191916472,0.9287533773791715,0.9280205655526992,0.9267,1,0.9076923076923077,0.9292929292929293,0.9108910891089109,0.9484536082474226,"[1145636, 1139517, 1207841, 1264092, 841372, 1147997, 1262873, 1145086, 1208096, 1144241, 1263597, 1143707, 1135640, 1147675, 1145568, 1207384, 1139579, 1143540]","[1033337, 1033339, 1033464, 1033881, 1033307, 1033717, 1033510, 1235652, 1033327, 1033435]","{'TTR': 0.08196338406163979, 'VBG': 0.049198566630908734, 'and': 0.047185289503157785, 'RB': 0.037233652973354785, 'to': 0.035875333149571496, 'VB': 0.03396264760671457, 'of': 0.03106288916739484, 'mean_sen_len': 0.028024728916321465, 'as': 0.0275271030182637, 'PRP': 0.024913283820124504}"
0.9305912596401028,0.9305196365526215,0.932534803720676,0.9305912596401028,0.92838,1,0.8974358974358975,0.9326683291770573,0.9033816425120773,0.9639175257731959,"[1136021, 1143120, 1145727, 1264225, 1136464, 1136507, 1148659, 1150420, 1263119, 1143042, 1145835, 1143568, 1264021, 1142070, 1207957, 1145155, 1137792, 1145583, 1263770, 1206712]","[1033502, 1235650, 1033796, 1033602, 1235652, 1033275, 1033435]","{'TTR': 0.08831153463292997, 'to': 0.04915441354305393, 'and': 0.046721832425173956, 'VBG': 0.04342327700882759, 'RB': 0.03821759966542441, 'as': 0.029856177592110466, 'of': 0.029685033830752786, 'VB': 0.029105472216628146, 'mean_sen_len': 0.026275252205296022, 'with': 0.02478259685693897}"
0.9254498714652957,0.9253462782345774,0.9280092905786317,0.9254498714652957,0.92267,1,0.8871794871794871,0.9280397022332506,0.8947368421052632,0.9639175257731959,"[1135659, 1139924, 1140681, 1137134, 1143540, 1140500, 841197, 1206352, 1144824, 1137791, 1140730, 1138257, 1139011, 1147886, 1150216, 1206580, 1265018, 1148259, 1141942, 1262973, 1147103, 1139087]","[1033502, 1033278, 1033796, 1033248, 1033742, 1178716, 1033595]","{'TTR': 0.08777024139526085, 'VBG': 0.05091289805055235, 'to': 0.043277696630159214, 'and': 0.040525011025550714, 'RB': 0.03826858562126109, 'as': 0.03261468926470521, 'of': 0.030219297937618843, 'mean_sen_len': 0.028595226453993514, 'VB': 0.028036720162943216, 'in': 0.02658417780037368}"
0.9177377892030848,0.9176071243900438,0.9206002252691227,0.9177377892030848,0.91444,1,0.8769230769230769,0.9207920792079208,0.8857142857142857,0.9587628865979382,"[1139185, 1264620, 840910, 1206253, 1207530, 1264849, 1139513, 1137028, 1136864, 1143186, 1143177, 1142502, 1137449, 1141191, 1141171, 1262978, 1264479, 1143912, 1147644, 1135481, 1136774, 1144628, 1148405, 1144516]","[1235612, 1033502, 1033961, 1033451, 1033750, 1033742, 1033246, 1033824]","{'TTR': 0.08493199589060206, 'VBG': 0.04825485692564018, 'RB': 0.04554228790282529, 'and': 0.04347079321011169, 'to': 0.03224984119580999, 'of': 0.03210249073710609, 'VB': 0.031148825974753026, 'as': 0.029748287627346107, 'in': 0.028437953909368475, 'a': 0.024911981614623033}"
0.9511568123393316,0.951150356083734,0.9514583470729374,0.9511568123393316,0.95065,1,0.9384615384615385,0.9516539440203562,0.9396984924623115,0.9639175257731959,"[1206625, 1142544, 1148628, 1148206, 1142649, 1147606, 1138334, 1145001, 1146733, 1143850, 1150391, 1206306]","[1033742, 1033435, 1033920, 1235611, 1033774, 1033602, 1033339]","{'TTR': 0.08773254943955262, 'VBG': 0.05587846664983649, 'and': 0.045317860960376155, 'to': 0.04127657858899439, 'VB': 0.03796363794324177, 'RB': 0.0364331982305247, 'mean_sen_len': 0.03157652564319729, 'as': 0.031175023721343228, 'of': 0.03005107887660351, 'in': 0.026487703093121345}"
0.9383033419023136,0.9382290538229381,0.9405966730651785,0.9383033419023136,0.93617,1,0.9025641025641026,0.9402985074626866,0.9086538461538461,0.9742268041237113,"[1264889, 1143955, 1142824, 1144140, 1144560, 1264062, 1147051, 1141063, 1264662, 1142227, 1136746, 1145096, 1265023, 1265224, 1143845, 1147762, 1150112, 1264639, 1206924]","[1033396, 1033435, 1235612, 1033774, 1033502]","{'TTR': 0.08063799087749002, 'VBG': 0.04763776644618731, 'RB': 0.044653158203584516, 'to': 0.04051631776412321, 'and': 0.03507855325173376, 'of': 0.03486339537915861, 'VB': 0.03056397091346014, 'in': 0.027083644611065, 'mean_sen_len': 0.02619136764269305, 'by': 0.02572934704318701}"
0.910025706940874,0.9100007281240152,0.9105657241332581,0.910025706940874,0.90862,1,0.8923076923076924,0.9113924050632911,0.8955223880597015,0.9278350515463918,"[1150013, 1206992, 1136846, 1142809, 1138468, 1136110, 1149485, 1144539, 1140447, 1139073, 1144916, 1148890, 1139989, 1147018, 1148476, 1135934, 1208466, 1208135, 1143592, 1146926, 1145107]","[1033413, 1178704, 1033502, 1235605, 1033920, 1033278, 1033327, 1033595, 1235650, 1033248, 1033796, 1033339, 1033400, 1033701]","{'TTR': 0.075857930510697, 'VBG': 0.053974167326850925, 'to': 0.04798146886675138, 'RB': 0.04389136760780913, 'and': 0.041607282850577645, 'in': 0.032770568865108554, 'of': 0.03227157169245312, 'by': 0.03074934963866605, 'VB': 0.029876090177677585, 'mean_sen_len': 0.027225420777268784}"
0.9177377892030848,0.9176659729873098,0.9193465699052448,0.9177377892030848,0.91534,1,0.8871794871794871,0.92,0.8932038834951457,0.9484536082474226,"[1142882, 1139990, 1141318, 1147078, 1206028, 1136846, 1143309, 1141241, 1143846, 1140556, 1136867, 1147770, 1206168, 841492, 1143823, 841037, 1138516, 1140588, 1146562, 1263867, 1136498, 1143273]","[1033317, 1033451, 1033780, 1033533, 1033796, 1033961, 1033831, 1033286, 1033812, 1178704]","{'TTR': 0.09638522724827223, 'VBG': 0.054546254387814394, 'RB': 0.044516640424145694, 'and': 0.03751263944539137, 'to': 0.028848973880753786, 'as': 0.028181848626068703, 'of': 0.02718471518888822, 'mean_sen_len': 0.026890063604905968, 'PRP': 0.02634863932404067, 'VB': 0.025871075942377794}"
0.922879177377892,0.9227863172786724,0.9250950763505976,0.922879177377892,0.92021,1,0.8871794871794871,0.9253731343283582,0.8942307692307693,0.9587628865979382,"[1138185, 1147398, 1135759, 1137722, 1140737, 1147103, 1208435, 841431, 1262876, 1146733, 1142623, 1139960, 1149234, 1143403, 1140225, 1147581, 1136405, 1263297, 1207478, 1148650, 1140550, 1264453]","[1033470, 1033961, 1033286, 1033774, 1033855, 1033410, 1178708, 1235605]","{'TTR': 0.07571977821517756, 'RB': 0.05137590314427229, 'to': 0.049864197617349115, 'VBG': 0.04364845936862144, 'and': 0.04044299919145301, 'of': 0.0375411886549029, 'mean_sen_len': 0.028990487351313394, 'VB': 0.028559032382833926, 'as': 0.026021411816527368, 'PRP': 0.02517187056665848}"
0.9151670951156813,0.915014349276946,0.9183809076238006,0.9151670951156813,0.91153,1,0.8717948717948718,0.9185185185185185,0.8815165876777251,0.9587628865979382,"[841240, 840946, 1208222, 1141463, 1142260, 1145136, 1138292, 1146656, 1263700, 1143536, 1150142, 1149820, 1143994, 1141495, 1143968, 1137667, 1208529, 1138334, 1141810, 1142156, 1264620, 1148415, 1138413, 1147568, 1138174]","[1033502, 1033812, 1033831, 1033470, 1033471, 1033533, 1033949, 1033899]","{'TTR': 0.07888528579741616, 'to': 0.042442196872685904, 'RB': 0.041314064769719876, 'and': 0.03844869299249028, 'VBG': 0.03734448084137991, 'PRP': 0.03669990723976617, 'a': 0.02949415304128684, 'VB': 0.028417548622174132, 'mean_sen_len': 0.027605575777915045, 'of': 0.027069295484641584}"
0.9074550128534704,0.907171636766105,0.9127597179776327,0.9074550128534704,0.90217,1,0.8512820512820513,0.9121951219512195,0.8657407407407407,0.9639175257731959,"[1148732, 1147606, 1142454, 1208343, 1138837, 1140667, 1143955, 1150069, 1150244, 1136551, 1140042, 1140136, 1147678, 1139924, 1144722, 1149893, 1141137, 1150032, 1137467, 1147034, 1142745, 1143002, 1146900, 1146993, 1150490, 1206355, 1207518, 1138906, 1144916]","[1033339, 1033396, 1033935, 1033470, 1033502, 1033685, 1034007]","{'TTR': 0.08691598910157904, 'VBG': 0.05351394612868913, 'to': 0.04130049816216707, 'and': 0.04071675452148057, 'of': 0.03793444372354394, 'RB': 0.03708447760225996, 'VB': 0.03554956365407256, 'in': 0.030051750415671586, 'as': 0.02936001325715999, 'a': 0.02842227651175484}"
0.922879177377892,0.9228332842673658,0.9240099013273064,0.922879177377892,0.92105,1,0.8974358974358975,0.9246231155778895,0.9019607843137255,0.9484536082474226,"[1145871, 1144372, 1141784, 1144431, 1143551, 1139995, 1143213, 1136079, 841391, 1149235, 1264873, 1207099, 1145654, 1145555, 1135635, 1135474, 1207122, 1139691, 1137235, 1142573]","[1033526, 1033796, 1033470, 1033791, 1033499, 1033327, 1033400, 1033533, 1033435, 1033774]","{'TTR': 0.08763529959814555, 'VBG': 0.05943624740546767, 'and': 0.04462576543080931, 'to': 0.040364500939066496, 'RB': 0.04012401417875061, 'mean_sen_len': 0.030654491380036245, 'VB': 0.02801264022738597, 'of': 0.026879466878363636, 'VBP': 0.026423161887925137, 'VBN': 0.022656468413696063}"
0.9177377892030848,0.9176071243900438,0.9206002252691227,0.9177377892030848,0.91444,1,0.8769230769230769,0.9207920792079208,0.8857142857142857,0.9587628865979382,"[1150083, 1150479, 1136492, 1148306, 1146325, 1140633, 1149199, 1211678, 1143186, 1263916, 1206832, 1263139, 1265082, 1145572, 1142848, 1139255, 1139137, 1264933, 1147379, 1146883, 1264843, 1146314, 1136562, 1263236]","[1033248, 1235611, 1235650, 1033470, 1033595, 1033791, 1033796, 1235629]","{'TTR': 0.09190661748191065, 'VBG': 0.052899143089462496, 'to': 0.05040935306470984, 'and': 0.04905406886421529, 'VB': 0.03423305072184504, 'RB': 0.03351230314798005, 'as': 0.03190005018823073, 'of': 0.029508352046680487, 'with': 0.02681117181215678, 'mean_sen_len': 0.024030122041866192}"
0.8894601542416453,0.8890893356629562,0.8950141042421823,0.8894601542416453,0.88283,1,0.8307692307692308,0.8953771289537713,0.847926267281106,0.9484536082474226,"[1264617, 1149502, 1139598, 1139401, 1138648, 1145144, 1140225, 1147753, 1207950, 1207122, 841307, 1140556, 1141191, 1147782, 1145727, 1207688, 1136790, 1137792, 1265235, 1265174, 1146724, 1143568, 1141629, 1136887, 1137271, 1206544, 1147715, 1136086, 1140768, 1139074, 1142558, 1206306, 1147389]","[1033267, 1033471, 1033701, 1033351, 1033837, 1033435, 1235621, 1033413, 1033812, 1033286]","{'TTR': 0.08386146111428863, 'VBG': 0.05515404377086444, 'RB': 0.04229387823018912, 'and': 0.03871738554150056, 'of': 0.032740860190517515, 'VB': 0.03131543577565178, 'in': 0.03131355891804156, 'mean_sen_len': 0.0312915080231949, 'to': 0.03116705958965945, 'by': 0.029851735138063697}"
0.9074550128534704,0.907116236042334,0.9137805836257585,0.9074550128534704,0.90164,1,0.8461538461538461,0.912621359223301,0.8623853211009175,0.9690721649484536,"[1145376, 1146808, 1138983, 1264415, 1136883, 1207651, 1207980, 1138171, 1145636, 1145675, 1146292, 1207839, 1135920, 1207016, 1147782, 1207703, 1144525, 1136865, 1144818, 841472, 1146162, 1136493, 1265312, 1146757, 1136426, 1138814, 1143995, 1207897, 1145129, 1264639]","[1033410, 1033339, 1178673, 1033351, 1033920, 1033451]","{'TTR': 0.08929811953600725, 'RB': 0.04759180046063566, 'VBG': 0.04680854707396418, 'and': 0.043567866804950485, 'to': 0.03809303253524611, 'VB': 0.033442202662663074, 'as': 0.03052038572969608, 'mean_sen_len': 0.029967460801451767, 'of': 0.029885729809978848, 'VBN': 0.029056133121555014}"
0.9305912596401028,0.9305582203142805,0.9315232536907005,0.9305912596401028,0.92913,1,0.9076923076923077,0.9319899244332494,0.9113300492610837,0.9536082474226805,"[1144379, 1142958, 1139317, 1262870, 1206116, 1136434, 1140651, 1142030, 1142789, 1145404, 1138375, 1146574, 1148553, 1147707, 1146291, 1264308, 1146532, 1138792]","[1034011, 1033470, 1033451, 1033410, 1033774, 1235612, 1033824, 1033934, 1033812]","{'TTR': 0.07874356856295549, 'VBG': 0.05619780126080766, 'and': 0.04820209132783356, 'RB': 0.04764723959376288, 'VB': 0.03591880954552516, 'to': 0.03517113639154544, 'of': 0.03245458517046685, 'as': 0.029201746269494594, 'mean_sen_len': 0.02698582720931112, 'VBN': 0.02423155618165017}"
0.9074550128534704,0.907343580734407,0.9095934796360169,0.9074550128534704,0.90426,1,0.8717948717948718,0.9104477611940298,0.8798076923076923,0.9432989690721649,"[1138409, 1136364, 1148072, 1149297, 1148883, 1148268, 1207148, 1207690, 1206067, 1136141, 1147485, 841156, 1263732, 1147793, 1141055, 1140434, 1142134, 1207086, 1264181, 1136716, 1141981, 1208505, 1141537, 1262879, 1142796]","[1033410, 1033339, 1178727, 1033935, 1033812, 1033286, 1033413, 1235611, 1033451, 1033502, 1033327]","{'TTR': 0.08076485268717148, 'VBG': 0.052388087440561684, 'to': 0.04664141197563326, 'and': 0.04604155976073778, 'of': 0.041752789554775314, 'RB': 0.04067369576630218, 'VBN': 0.029847200190091218, 'mean_sen_len': 0.028728209316879756, 'with': 0.028544685627233325, 'VB': 0.026966650427589355}"
0.910025706940874,0.9097753163187285,0.9148844630712681,0.910025706940874,0.90515,1,0.8564102564102564,0.9144254278728606,0.8697674418604651,0.9639175257731959,"[1149616, 1143186, 1141242, 1208400, 1140097, 1264493, 1138256, 1206332, 1206511, 1147746, 1143912, 1149968, 1148410, 1139719, 1206820, 1135490, 1150474, 1150275, 1264702, 1206712, 1147615, 1263621, 1145031, 1138235, 1138799, 1141835, 1141635, 1138495]","[1033470, 1033935, 1033435, 1033451, 1235650, 1178716, 1033351]","{'TTR': 0.08583982875329302, 'and': 0.05461936368495508, 'to': 0.04578088312111597, 'VBG': 0.04229022734192898, 'VB': 0.03937086241267541, 'RB': 0.03555887248148167, 'of': 0.03276246737671969, 'as': 0.03020367566007715, 'mean_sen_len': 0.02924270001396493, 'with': 0.029225322345879615}"
0.9151670951156813,0.9151267137174539,0.9160678388726692,0.9151670951156813,0.91339,1,0.8923076923076924,0.9168765743073047,0.896551724137931,0.9381443298969072,"[1138892, 1147363, 1140604, 1141615, 1135404, 1142722, 1138481, 1138814, 1140681, 1207707, 1138106, 1143750, 1137219, 1263090, 841174, 1138334, 1207881, 1140421, 1138409, 1136675, 1139040]","[1033807, 1033400, 1033920, 1033949, 1033339, 1033935, 1033791, 1033831, 1033780, 1033471, 1033602, 1235612]","{'TTR': 0.09005829505031697, 'VBG': 0.046156932084626116, 'and': 0.04461991829075944, 'to': 0.04004789891151875, 'RB': 0.036796466946466516, 'as': 0.031563235303453195, 'mean_sen_len': 0.03054469194173621, 'VB': 0.030405606799983723, 'VBN': 0.028554619277552852, 'with': 0.02789537311569021}"
0.922879177377892,0.9228332842673658,0.9240099013273064,0.922879177377892,0.92105,1,0.8974358974358975,0.9246231155778895,0.9019607843137255,0.9484536082474226,"[1263676, 1146601, 1137502, 1143399, 1144746, 1146817, 1138342, 1147443, 1139235, 1148623, 1206973, 1264217, 1137667, 1150420, 1136292, 1208268, 1265144, 1138776, 1263572, 1263988]","[1033934, 1235612, 1235650, 1033286, 1033279, 1178716, 1235629, 1033451, 1033595, 1033470]","{'TTR': 0.08856149441316091, 'and': 0.0499059261750285, 'to': 0.04427126342552377, 'VBG': 0.04081993311333701, 'of': 0.03707319473459459, 'with': 0.031418743400060595, 'RB': 0.030819388997083027, 'as': 0.030070251677550716, 'mean_sen_len': 0.029996080711688994, 'VB': 0.026030249491111945}"
0.9305912596401028,0.9305820849610955,0.9308805562109016,0.9305912596401028,0.92987,1,0.9179487179487179,0.9312977099236641,0.9195979899497487,0.9432989690721649,"[1143823, 1137306, 1139775, 1144418, 1148189, 1140803, 1145544, 1140677, 1145454, 1139255, 1143540, 1207528, 1136615, 1148650, 1148476, 1263825]","[1033774, 1033327, 1033961, 1033339, 1033397, 1033451, 1033413, 1235650, 1033320, 1235621, 1033470]","{'TTR': 0.07974637845733198, 'and': 0.052217581238880484, 'VBG': 0.05075593674832716, 'to': 0.040955289813644026, 'RB': 0.03695924474038014, 'of': 0.0348002980527933, 'VB': 0.031091624444337877, 'a': 0.024405695908547156, 'by': 0.023481619660096563, 'with': 0.023210506414211407}"
0.9331619537275064,0.9331487006250572,0.9335797935283796,0.9331619537275064,0.93229,1,0.9179487179487179,0.934010152284264,0.92,0.9484536082474226,"[1139630, 1138136, 1140180, 1264919, 1143835, 1143484, 1143162, 1145748, 1145568, 1145031, 1140149, 1143998, 1140293, 1264969, 1263965, 1136374]","[1033286, 1033337, 1033701, 1033410, 1178716, 1235636, 1033617, 1235650, 1033435, 1033351]","{'TTR': 0.07544055904074655, 'and': 0.05505602270216315, 'to': 0.04428621570094373, 'RB': 0.044187610947255644, 'VB': 0.04192305755906986, 'VBG': 0.0364962757874238, 'of': 0.03543422056499439, 'as': 0.03341892316893338, 'with': 0.025911729613623705, 'mean_sen_len': 0.025054439891026424}"
0.9305912596401028,0.930494810770124,0.9331804036850716,0.9305912596401028,0.928,1,0.8923076923076924,0.9330024813895782,0.8995215311004785,0.9690721649484536,"[1142132, 1206692, 1264204, 1140506, 1265316, 1208329, 1138886, 1140136, 1136269, 1208289, 1207038, 1140703, 1140623, 1147051, 1139579, 841183, 1142310, 1206988, 1135447, 841339, 1139483]","[1033595, 1178716, 1033278, 1033742, 1033396, 1235650]","{'TTR': 0.08081736836939969, 'and': 0.04420194175722837, 'VBG': 0.03852181798658362, 'RB': 0.03265058852252847, 'to': 0.03251070721898578, 'VB': 0.03221354067134083, 'as': 0.03104455706412621, 'of': 0.030467316093174227, 'a': 0.027713674796383866, 'mean_sen_len': 0.026161767572384777}"
0.9151670951156813,0.9147095044983176,0.9246323715788372,0.9151670951156813,0.90859,1,0.841025641025641,0.920863309352518,0.8609865470852018,0.9896907216494846,"[1146172, 1138136, 1207968, 1138664, 1207734, 1143421, 841443, 1146437, 1146474, 1148262, 1136292, 1137286, 1139775, 1148272, 1263499, 1139329, 1206064, 1206830, 1206426, 1145808, 1143364, 1207390, 1136602, 1145014, 1137271, 1145549, 1140853, 1147424, 1263239, 1207600, 1140605]","[1033510, 1033920]","{'TTR': 0.08404443712790234, 'VBG': 0.04583478601560004, 'and': 0.04184962712905156, 'RB': 0.04113658290561843, 'to': 0.0395486658850854, 'of': 0.030016125101136607, 'VB': 0.028578152441681798, 'mean_sen_len': 0.027956434978366026, 'as': 0.027838541415766714, 'a': 0.02723610184062844}"
0.9177377892030848,0.9176071243900438,0.9206002252691227,0.9177377892030848,0.91444,1,0.8769230769230769,0.9207920792079208,0.8857142857142857,0.9587628865979382,"[1146408, 1264822, 1143902, 1138375, 1142841, 1263776, 1207919, 1206802, 1139703, 1147715, 1265066, 1138700, 1263308, 1264124, 1265156, 1207169, 1263292, 1147578, 1150133, 1141191, 1139436, 1139206, 1146514, 1140339]","[1033451, 1033701, 1033327, 1033791, 1033602, 1235652, 1033533, 1235636]","{'TTR': 0.07216934094874008, 'VBG': 0.05824999511543444, 'and': 0.049569399359235884, 'RB': 0.04301762964183131, 'to': 0.04225665520653632, 'of': 0.03370223186268116, 'as': 0.03098782541817624, 'VB': 0.02954185264822327, 'with': 0.02461338501029111, 'mean_sen_len': 0.0245256691697084}"
0.922879177377892,0.9228332842673658,0.9240099013273064,0.922879177377892,0.92105,1,0.8974358974358975,0.9246231155778895,0.9019607843137255,0.9484536082474226,"[1144418, 1147214, 1149772, 1263188, 1150284, 1263005, 1141634, 1144360, 1148633, 1206880, 1135416, 1140733, 1138798, 1142640, 1139553, 1138015, 1144316, 1262929, 1145230, 1264873]","[1235650, 1033899, 1033949, 1033396, 1033510, 1033307, 1033272, 1178704, 1033595, 1033796]","{'TTR': 0.09329199468798369, 'and': 0.053095433590040486, 'VBG': 0.04876844303742471, 'VB': 0.038599935967372434, 'of': 0.038372534824928584, 'RB': 0.033920328275238804, 'to': 0.031640293498534644, 'a': 0.03148466885166836, 'as': 0.03107791687491273, 'mean_sen_len': 0.028256624634664215}"
